Sample Size 	 degree of polynomial 	 coefficients 	 RMSE 
10	2	[ 0.09904984 -1.00088375  0.19240621]	14.333830394819836
10	3	[ -0.32751427   6.02218957 -18.31742909  12.3398902 ]	8.232868072840764
10	4	[ -0.44405289  10.39238769 -40.38692963  47.73849503 -17.69930241]	7.077414939398299
10	5	[  -0.52629799   17.88491642 -102.84180339  224.27760486 -220.0530934
   80.94151639]	6.87886852494775
10	9	[-6.82790043e-01 -2.18466419e+02  6.02787806e+03 -5.92815557e+04
  2.91863487e+05 -8.13340823e+05  1.34139323e+06 -1.29746664e+06
  6.80237192e+05 -1.49213944e+05]	12.035777369494248
100	2	[ 1.13017852 -2.30667545  0.2009699 ]	10.057194746612057
100	3	[ -0.42081272  16.78653909 -47.77272625  31.9824641 ]	3.7250891143676395
100	4	[ -0.27752471  13.78490138 -34.10649204  10.6532711   10.6645965 ]	3.317732889927501
100	5	[-3.78662660e-02  6.05234816e+00  2.11120980e+01 -1.37688726e+02
  1.77959002e+02 -6.69177621e+01]	2.8734853107780687
100	9	[-7.68779763e-02 -5.28479666e+00  4.73174289e+02 -5.63111050e+03
  3.14847099e+04 -9.75907980e+04  1.76016025e+05 -1.83666771e+05
  1.02800971e+05 -2.38811977e+04]	2.7726252943018994
